32 1010 86 3 1 -1 127 39
33 422 529 21 85 4 27 29
34 612 516 47 35 4 27 55
35 93 197 92 85 4 27 99
36 0 0 87 110 3 15 93
37 856 0 114 85 4 27 122
38 614 86 93 85 4 27 101
39 682 516 21 35 4 27 29
40 968 258 51 85 4 27 58
41 971 0 51 85 4 27 58
42 704 516 32 30 3 18 38
43 510 527 54 54 4 43 62
44 660 516 21 35 4 92 29
45 802 516 45 20 4 60 53
46 881 516 21 20 4 92 29
47 142 541 64 85 3 27 71
48 0 197 92 85 4 27 100
49 381 529 40 85 4 27 48
50 792 258 87 85 3 27 93
51 876 344 84 85 4 27 92
52 0 369 87 85 4 27 94
53 88 369 87 85 3 27 93
54 926 172 87 85 4 27 94
55 747 430 75 85 4 27 83
56 352 357 87 85 4 27 94
57 440 355 87 85 4 27 94
58 488 529 21 61 4 51 29
59 466 529 21 76 4 51 29
60 961 344 60 85 3 27 66
61 565 527 46 47 4 46 54
62 272 541 60 85 3 27 66
63 704 344 86 85 4 27 93
64 274 0 105 96 4 22 113
65 104 99 103 85 3 27 109
66 528 258 87 85 4 27 95
67 423 443 83 85 4 27 91
68 802 86 92 85 4 27 100
69 339 443 83 85 4 27 91
70 669 430 77 85 4 27 85
71 744 172 90 85 4 27 98
72 616 344 87 85 4 27 94
73 444 529 21 85 4 27 29
74 0 541 70 85 4 27 78
75 440 269 87 85 4 27 94
76 894 430 70 85 4 27 78
77 380 0 118 85 4 27 125
78 186 185 92 85 4 27 100
79 279 185 92 85 4 27 100
80 88 283 87 85 4 27 94
81 88 0 92 98 4 27 100
82 0 283 87 85 4 27 94
83 176 369 87 85 3 27 93
84 0 455 84 85 4 27 91
85 372 183 92 85 4 27 100
86 0 111 103 85 3 27 109
87 737 0 118 85 4 27 125
88 708 86 93 85 3 27 99
89 616 258 87 85 4 27 94
90 85 455 84 85 4 27 91
91 333 541 47 85 4 27 55
92 207 541 64 85 3 27 71
93 965 430 47 85 4 27 55
94 416 86 103 85 3 27 109
95 737 516 64 20 4 92 72
96 848 516 32 20 -7 0 29
97 312 97 103 85 3 27 109
98 528 344 87 85 4 27 95
99 507 441 83 85 4 27 91
100 465 172 92 85 4 27 100
101 255 455 83 85 4 27 91
102 591 430 77 85 4 27 85
103 835 172 90 85 4 27 98
104 352 271 87 85 4 27 94
105 988 86 21 85 4 27 29
106 71 541 70 85 4 27 78
107 176 283 87 85 4 27 94
108 823 430 70 85 4 27 78
109 618 0 118 85 4 27 125
110 558 172 92 85 4 27 100
111 895 86 92 85 4 27 100
112 704 258 87 85 4 27 94
113 181 0 92 98 4 27 100
114 264 271 87 85 4 27 94
115 880 258 87 85 3 27 93
116 170 455 84 85 4 27 91
117 651 172 92 85 4 27 100
118 208 99 103 85 3 27 109
119 499 0 118 85 4 27 125
120 520 86 93 85 3 27 99
121 264 357 87 85 4 27 94
122 791 344 84 85 4 27 91
